 -2.0 -1.0 -1.0 -1.0 -1.0 -1.0 210.0 -1.0 -1.0 -1.0 33.0 121.0 -1.0 -1.0 -1.0 -1.0 -1.0 202.0 -1.0 -1.0 -1.0 -1.0 -1.0 929.0 -1.0 -1.0 -1.0 -1.0 -1.0 -1.0 -1.0 -1.0 -1.0 -1.0 -1.0 -1.0 -1.0 -1.0 -1.0 -1.0 -1.0 105.0 -1.0 -1.0 -1.0 -1.0 -1.0 -1.0 -1.0 -1.0 -1.0 -1.0 133.0 -1.0 -1.0 -1.0 -1.0
 -1.0 -2.0 -1.0 152.0 -1.0 -1.0 -1.0 -1.0 -1.0 454.0 -1.0 -1.0 -1.0 -1.0 -1.0 -1.0 -1.0 -1.0 -1.0 -1.0 -1.0 -1.0 -1.0 316.0 -1.0 -1.0 -1.0 -1.0 -1.0 396.0 -1.0 -1.0 -1.0 257.0 -1.0 -1.0 -1.0 -1.0 -1.0 -1.0 -1.0 714.0 -1.0 402.0 -1.0 -1.0 -1.0 -1.0 -1.0 -1.0 -1.0 467.0 -1.0 -1.0 -1.0 637.0 -1.0
 -1.0 -1.0 -2.0 -1.0 -1.0 -1.0 -1.0 -1.0 -1.0 -1.0 -1.0 -1.0 -1.0 -1.0 -1.0 -1.0 -1.0 -1.0 80.0 -1.0 -1.0 -1.0 -1.0 -1.0 -1.0 -1.0 -1.0 -1.0 -1.0 -1.0 -1.0 -1.0 -1.0 -1.0 -1.0 -1.0 -1.0 -1.0 97.0 -1.0 -1.0 230.0 -1.0 -1.0 -1.0 -1.0 -1.0 -1.0 -1.0 -1.0 -1.0 -1.0 -1.0 -1.0 -1.0 38.0 -1.0
 -1.0 152.0 -1.0 -2.0 -1.0 -1.0 -1.0 -1.0 -1.0 -1.0 -1.0 -1.0 -1.0 -1.0 -1.0 -1.0 -1.0 -1.0 -1.0 -1.0 -1.0 -1.0 247.0 430.0 -1.0 -1.0 -1.0 -1.0 -1.0 -1.0 254.0 -1.0 -1.0 205.0 354.0 -1.0 -1.0 -1.0 -1.0 -1.0 -1.0 -1.0 -1.0 -1.0 490.0 -1.0 -1.0 -1.0 -1.0 -1.0 -1.0 547.0 -1.0 -1.0 -1.0 -1.0 -1.0
 -1.0 -1.0 -1.0 -1.0 -2.0 -1.0 -1.0 580.0 -1.0 -1.0 -1.0 -1.0 -1.0 -1.0 672.0 -1.0 -1.0 -1.0 -1.0 631.0 -1.0 -1.0 -1.0 -1.0 -1.0 -1.0 -1.0 -1.0 -1.0 -1.0 -1.0 -1.0 431.0 -1.0 -1.0 -1.0 584.0 -1.0 -1.0 -1.0 207.0 -1.0 -1.0 -1.0 -1.0 953.0 1646.0 -1.0 -1.0 -1.0 -1.0 -1.0 -1.0 -1.0 -1.0 -1.0 -1.0
 -1.0 -1.0 -1.0 -1.0 -1.0 -2.0 447.0 -1.0 -1.0 -1.0 -1.0 -1.0 -1.0 -1.0 -1.0 -1.0 -1.0 -1.0 -1.0 -1.0 -1.0 -1.0 -1.0 -1.0 -1.0 -1.0 -1.0 -1.0 -1.0 -1.0 -1.0 -1.0 -1.0 -1.0 -1.0 216.0 -1.0 -1.0 -1.0 -1.0 -1.0 -1.0 -1.0 -1.0 -1.0 -1.0 -1.0 -1.0 -1.0 -1.0 -1.0 -1.0 -1.0 -1.0 -1.0 -1.0 -1.0
 210.0 -1.0 -1.0 -1.0 -1.0 447.0 -2.0 -1.0 -1.0 -1.0 186.0 -1.0 -1.0 -1.0 -1.0 252.0 -1.0 -1.0 284.0 -1.0 -1.0 -1.0 -1.0 -1.0 -1.0 -1.0 -1.0 -1.0 -1.0 -1.0 -1.0 -1.0 -1.0 -1.0 -1.0 445.0 -1.0 -1.0 366.0 -1.0 -1.0 216.0 -1.0 -1.0 -1.0 -1.0 -1.0 -1.0 -1.0 -1.0 -1.0 -1.0 -1.0 -1.0 -1.0 361.0 -1.0
 -1.0 -1.0 -1.0 -1.0 580.0 -1.0 -1.0 -2.0 -1.0 -1.0 -1.0 -1.0 -1.0 101.0 -1.0 -1.0 -1.0 -1.0 -1.0 712.0 -1.0 -1.0 -1.0 -1.0 -1.0 -1.0 -1.0 -1.0 -1.0 -1.0 -1.0 -1.0 800.0 -1.0 -1.0 -1.0 493.0 -1.0 -1.0 -1.0 444.0 -1.0 1207.0 -1.0 -1.0 458.0 -1.0 1279.0 -1.0 -1.0 -1.0 -1.0 -1.0 597.0 -1.0 -1.0 -1.0
 -1.0 -1.0 -1.0 -1.0 -1.0 -1.0 -1.0 -1.0 -2.0 -1.0 -1.0 -1.0 -1.0 -1.0 339.0 293.0 292.0 175.0 -1.0 -1.0 -1.0 184.0 -1.0 -1.0 -1.0 -1.0 239.0 -1.0 -1.0 -1.0 538.0 91.0 412.0 -1.0 -1.0 -1.0 -1.0 155.0 -1.0 -1.0 -1.0 -1.0 -1.0 -1.0 -1.0 -1.0 -1.0 -1.0 -1.0 193.0 -1.0 -1.0 239.0 -1.0 -1.0 -1.0 -1.0
 -1.0 454.0 -1.0 -1.0 -1.0 -1.0 -1.0 -1.0 -1.0 -2.0 -1.0 106.0 -1.0 -1.0 -1.0 -1.0 -1.0 151.0 -1.0 -1.0 -1.0 109.0 -1.0 -1.0 -1.0 -1.0 -1.0 -1.0 -1.0 111.0 -1.0 -1.0 -1.0 -1.0 -1.0 -1.0 -1.0 -1.0 -1.0 -1.0 -1.0 -1.0 -1.0 521.0 340.0 -1.0 -1.0 -1.0 -1.0 -1.0 -1.0 -1.0 198.0 -1.0 -1.0 -1.0 -1.0
 33.0 -1.0 -1.0 -1.0 -1.0 -1.0 186.0 -1.0 -1.0 -1.0 -2.0 140.0 -1.0 -1.0 -1.0 -1.0 -1.0 -1.0 -1.0 -1.0 -1.0 -1.0 -1.0 -1.0 -1.0 -1.0 -1.0 -1.0 -1.0 -1.0 -1.0 -1.0 -1.0 -1.0 -1.0 -1.0 -1.0 -1.0 -1.0 -1.0 -1.0 125.0 -1.0 -1.0 -1.0 -1.0 -1.0 -1.0 -1.0 -1.0 -1.0 -1.0 110.0 -1.0 -1.0 -1.0 -1.0
 121.0 -1.0 -1.0 -1.0 -1.0 -1.0 -1.0 -1.0 -1.0 106.0 140.0 -2.0 -1.0 -1.0 -1.0 -1.0 -1.0 154.0 -1.0 -1.0 -1.0 173.0 -1.0 859.0 -1.0 -1.0 -1.0 -1.0 -1.0 -1.0 -1.0 -1.0 -1.0 -1.0 -1.0 -1.0 -1.0 -1.0 -1.0 -1.0 -1.0 182.0 -1.0 493.0 -1.0 -1.0 -1.0 -1.0 -1.0 -1.0 -1.0 -1.0 128.0 -1.0 -1.0 395.0 -1.0
 -1.0 -1.0 -1.0 -1.0 -1.0 -1.0 -1.0 -1.0 -1.0 -1.0 -1.0 -1.0 -2.0 784.0 -1.0 -1.0 -1.0 -1.0 -1.0 -1.0 242.0 -1.0 411.0 -1.0 -1.0 -1.0 -1.0 333.0 -1.0 -1.0 -1.0 -1.0 -1.0 -1.0 503.0 -1.0 -1.0 -1.0 -1.0 1029.0 -1.0 -1.0 -1.0 -1.0 -1.0 1253.0 1763.0 -1.0 -1.0 -1.0 422.0 -1.0 -1.0 -1.0 268.0 -1.0 383.0
 -1.0 -1.0 -1.0 -1.0 -1.0 -1.0 -1.0 101.0 -1.0 -1.0 -1.0 -1.0 784.0 -2.0 -1.0 -1.0 -1.0 -1.0 -1.0 -1.0 -1.0 -1.0 -1.0 -1.0 -1.0 -1.0 -1.0 -1.0 1157.0 -1.0 -1.0 -1.0 846.0 -1.0 -1.0 -1.0 539.0 -1.0 -1.0 819.0 522.0 -1.0 -1.0 -1.0 -1.0 507.0 -1.0 -1.0 1101.0 -1.0 -1.0 -1.0 -1.0 538.0 -1.0 -1.0 508.0
 -1.0 -1.0 -1.0 -1.0 672.0 -1.0 -1.0 -1.0 339.0 -1.0 -1.0 -1.0 -1.0 -1.0 -2.0 -1.0 -1.0 -1.0 -1.0 -1.0 -1.0 -1.0 -1.0 -1.0 271.0 206.0 -1.0 -1.0 -1.0 -1.0 -1.0 356.0 253.0 -1.0 -1.0 -1.0 135.0 253.0 -1.0 -1.0 492.0 -1.0 -1.0 -1.0 335.0 -1.0 -1.0 -1.0 -1.0 293.0 347.0 -1.0 -1.0 -1.0 -1.0 -1.0 -1.0
 -1.0 -1.0 -1.0 -1.0 -1.0 -1.0 252.0 -1.0 293.0 -1.0 -1.0 -1.0 -1.0 -1.0 -1.0 -2.0 -1.0 -1.0 -1.0 -1.0 -1.0 -1.0 -1.0 -1.0 -1.0 -1.0 84.0 -1.0 -1.0 -1.0 -1.0 -1.0 -1.0 -1.0 -1.0 -1.0 -1.0 -1.0 -1.0 -1.0 -1.0 -1.0 -1.0 -1.0 -1.0 -1.0 -1.0 -1.0 -1.0 -1.0 -1.0 -1.0 57.0 -1.0 -1.0 -1.0 -1.0
 -1.0 -1.0 -1.0 -1.0 -1.0 -1.0 -1.0 -1.0 292.0 -1.0 -1.0 -1.0 -1.0 -1.0 -1.0 -1.0 -2.0 -1.0 -1.0 -1.0 -1.0 168.0 -1.0 -1.0 -1.0 -1.0 -1.0 -1.0 -1.0 125.0 277.0 -1.0 -1.0 160.0 -1.0 -1.0 -1.0 -1.0 -1.0 -1.0 -1.0 -1.0 -1.0 -1.0 170.0 -1.0 -1.0 -1.0 -1.0 212.0 -1.0 -1.0 -1.0 -1.0 -1.0 -1.0 -1.0
 202.0 -1.0 -1.0 -1.0 -1.0 -1.0 -1.0 -1.0 175.0 151.0 -1.0 154.0 -1.0 -1.0 -1.0 -1.0 -1.0 -2.0 -1.0 -1.0 -1.0 116.0 -1.0 -1.0 -1.0 -1.0 130.0 -1.0 -1.0 218.0 -1.0 -1.0 -1.0 -1.0 -1.0 -1.0 -1.0 242.0 -1.0 -1.0 -1.0 -1.0 -1.0 -1.0 -1.0 -1.0 -1.0 -1.0 -1.0 276.0 -1.0 -1.0 110.0 -1.0 -1.0 -1.0 -1.0
 -1.0 -1.0 80.0 -1.0 -1.0 -1.0 284.0 -1.0 -1.0 -1.0 -1.0 -1.0 -1.0 -1.0 -1.0 -1.0 -1.0 -1.0 -2.0 -1.0 -1.0 -1.0 -1.0 -1.0 -1.0 -1.0 -1.0 -1.0 -1.0 -1.0 -1.0 -1.0 -1.0 -1.0 -1.0 186.0 -1.0 -1.0 105.0 -1.0 -1.0 200.0 -1.0 -1.0 -1.0 -1.0 -1.0 -1.0 -1.0 -1.0 -1.0 -1.0 -1.0 -1.0 -1.0 -1.0 -1.0
 -1.0 -1.0 -1.0 -1.0 631.0 -1.0 -1.0 712.0 -1.0 -1.0 -1.0 -1.0 -1.0 -1.0 -1.0 -1.0 -1.0 -1.0 -1.0 -2.0 -1.0 -1.0 -1.0 -1.0 -1.0 -1.0 -1.0 -1.0 -1.0 -1.0 -1.0 -1.0 -1.0 -1.0 -1.0 -1.0 1072.0 -1.0 -1.0 -1.0 739.0 -1.0 -1.0 -1.0 -1.0 498.0 1137.0 -1.0 322.0 -1.0 -1.0 -1.0 -1.0 -1.0 -1.0 -1.0 1256.0
 -1.0 -1.0 -1.0 -1.0 -1.0 -1.0 -1.0 -1.0 -1.0 -1.0 -1.0 -1.0 242.0 -1.0 -1.0 -1.0 -1.0 -1.0 -1.0 -1.0 -2.0 -1.0 429.0 -1.0 -1.0 -1.0 -1.0 441.0 -1.0 -1.0 -1.0 -1.0 -1.0 -1.0 358.0 -1.0 -1.0 -1.0 -1.0 1156.0 -1.0 -1.0 -1.0 -1.0 -1.0 -1.0 -1.0 -1.0 -1.0 -1.0 -1.0 -1.0 -1.0 -1.0 -1.0 -1.0 -1.0
 -1.0 -1.0 -1.0 -1.0 -1.0 -1.0 -1.0 -1.0 184.0 109.0 -1.0 173.0 -1.0 -1.0 -1.0 -1.0 168.0 116.0 -1.0 -1.0 -1.0 -2.0 -1.0 -1.0 -1.0 -1.0 -1.0 -1.0 -1.0 114.0 -1.0 -1.0 -1.0 -1.0 -1.0 -1.0 -1.0 214.0 -1.0 -1.0 -1.0 -1.0 -1.0 -1.0 238.0 -1.0 -1.0 -1.0 -1.0 192.0 -1.0 -1.0 -1.0 -1.0 -1.0 -1.0 -1.0
 -1.0 -1.0 -1.0 247.0 -1.0 -1.0 -1.0 -1.0 -1.0 -1.0 -1.0 -1.0 411.0 -1.0 -1.0 -1.0 -1.0 -1.0 -1.0 -1.0 429.0 -1.0 -2.0 596.0 -1.0 -1.0 -1.0 260.0 -1.0 -1.0 213.0 -1.0 -1.0 403.0 187.0 -1.0 -1.0 -1.0 -1.0 -1.0 -1.0 -1.0 -1.0 -1.0 -1.0 -1.0 -1.0 -1.0 -1.0 -1.0 -1.0 679.0 -1.0 -1.0 -1.0 -1.0 -1.0
 929.0 316.0 -1.0 430.0 -1.0 -1.0 -1.0 -1.0 -1.0 -1.0 -1.0 859.0 -1.0 -1.0 -1.0 -1.0 -1.0 -1.0 -1.0 -1.0 -1.0 -1.0 596.0 -2.0 -1.0 -1.0 -1.0 -1.0 -1.0 -1.0 -1.0 -1.0 -1.0 -1.0 565.0 -1.0 -1.0 -1.0 -1.0 -1.0 -1.0 897.0 -1.0 492.0 -1.0 -1.0 -1.0 -1.0 -1.0 -1.0 -1.0 200.0 -1.0 -1.0 -1.0 -1.0 -1.0
 -1.0 -1.0 -1.0 -1.0 -1.0 -1.0 -1.0 -1.0 -1.0 -1.0 -1.0 -1.0 -1.0 -1.0 271.0 -1.0 -1.0 -1.0 -1.0 -1.0 -1.0 -1.0 -1.0 -1.0 -2.0 149.0 -1.0 -1.0 -1.0 -1.0 350.0 -1.0 -1.0 -1.0 -1.0 -1.0 -1.0 243.0 -1.0 -1.0 -1.0 -1.0 -1.0 -1.0 128.0 -1.0 -1.0 -1.0 -1.0 200.0 140.0 -1.0 -1.0 -1.0 -1.0 -1.0 -1.0
 -1.0 -1.0 -1.0 -1.0 -1.0 -1.0 -1.0 -1.0 -1.0 -1.0 -1.0 -1.0 -1.0 -1.0 206.0 -1.0 -1.0 -1.0 -1.0 -1.0 -1.0 -1.0 -1.0 -1.0 149.0 -2.0 -1.0 -1.0 -1.0 -1.0 -1.0 -1.0 -1.0 -1.0 -1.0 -1.0 204.0 352.0 -1.0 -1.0 -1.0 -1.0 -1.0 -1.0 -1.0 -1.0 -1.0 -1.0 -1.0 311.0 175.0 -1.0 -1.0 63.0 257.0 -1.0 -1.0
 -1.0 -1.0 -1.0 -1.0 -1.0 -1.0 -1.0 -1.0 239.0 -1.0 -1.0 -1.0 -1.0 -1.0 -1.0 84.0 -1.0 130.0 -1.0 -1.0 -1.0 -1.0 -1.0 -1.0 -1.0 -1.0 -2.0 -1.0 -1.0 -1.0 -1.0 -1.0 -1.0 -1.0 -1.0 -1.0 -1.0 -1.0 -1.0 -1.0 -1.0 -1.0 -1.0 -1.0 -1.0 -1.0 -1.0 -1.0 -1.0 -1.0 -1.0 -1.0 104.0 -1.0 -1.0 -1.0 -1.0
 -1.0 -1.0 -1.0 -1.0 -1.0 -1.0 -1.0 -1.0 -1.0 -1.0 -1.0 -1.0 333.0 -1.0 -1.0 -1.0 -1.0 -1.0 -1.0 -1.0 441.0 -1.0 260.0 -1.0 -1.0 -1.0 -1.0 -2.0 -1.0 -1.0 139.0 -1.0 -1.0 -1.0 -1.0 -1.0 -1.0 -1.0 -1.0 1336.0 -1.0 -1.0 -1.0 -1.0 359.0 -1.0 -1.0 -1.0 -1.0 -1.0 229.0 -1.0 -1.0 -1.0 290.0 -1.0 -1.0
 -1.0 -1.0 -1.0 -1.0 -1.0 -1.0 -1.0 -1.0 -1.0 -1.0 -1.0 -1.0 -1.0 1157.0 -1.0 -1.0 -1.0 -1.0 -1.0 -1.0 -1.0 -1.0 -1.0 -1.0 -1.0 -1.0 -1.0 -1.0 -2.0 -1.0 -1.0 -1.0 -1.0 -1.0 -1.0 -1.0 -1.0 -1.0 -1.0 390.0 -1.0 -1.0 994.0 -1.0 -1.0 731.0 405.0 -1.0 1246.0 -1.0 -1.0 -1.0 -1.0 -1.0 -1.0 -1.0 -1.0
 -1.0 396.0 -1.0 -1.0 -1.0 -1.0 -1.0 -1.0 -1.0 111.0 -1.0 -1.0 -1.0 -1.0 -1.0 -1.0 125.0 218.0 -1.0 -1.0 -1.0 114.0 -1.0 -1.0 -1.0 -1.0 -1.0 -1.0 -1.0 -2.0 -1.0 -1.0 -1.0 182.0 -1.0 -1.0 -1.0 -1.0 -1.0 -1.0 -1.0 -1.0 -1.0 568.0 264.0 -1.0 -1.0 -1.0 -1.0 279.0 -1.0 -1.0 -1.0 -1.0 -1.0 -1.0 -1.0
 -1.0 -1.0 -1.0 254.0 -1.0 -1.0 -1.0 -1.0 538.0 -1.0 -1.0 -1.0 -1.0 -1.0 -1.0 -1.0 277.0 -1.0 -1.0 -1.0 -1.0 -1.0 213.0 -1.0 350.0 -1.0 -1.0 139.0 -1.0 -1.0 -2.0 -1.0 -1.0 222.0 -1.0 -1.0 -1.0 -1.0 -1.0 -1.0 -1.0 -1.0 -1.0 -1.0 289.0 -1.0 -1.0 -1.0 -1.0 -1.0 284.0 -1.0 -1.0 -1.0 -1.0 -1.0 -1.0
 -1.0 -1.0 -1.0 -1.0 -1.0 -1.0 -1.0 -1.0 91.0 -1.0 -1.0 -1.0 -1.0 -1.0 356.0 -1.0 -1.0 -1.0 -1.0 -1.0 -1.0 -1.0 -1.0 -1.0 -1.0 -1.0 -1.0 -1.0 -1.0 -1.0 -1.0 -2.0 330.0 -1.0 -1.0 -1.0 -1.0 -1.0 -1.0 -1.0 -1.0 -1.0 -1.0 -1.0 -1.0 -1.0 -1.0 -1.0 -1.0 -1.0 -1.0 -1.0 -1.0 -1.0 -1.0 -1.0 -1.0
 -1.0 -1.0 -1.0 -1.0 431.0 -1.0 -1.0 800.0 412.0 -1.0 -1.0 -1.0 -1.0 846.0 253.0 -1.0 -1.0 -1.0 -1.0 -1.0 -1.0 -1.0 -1.0 -1.0 -1.0 -1.0 -1.0 -1.0 -1.0 -1.0 -1.0 330.0 -2.0 -1.0 -1.0 -1.0 359.0 423.0 -1.0 -1.0 393.0 -1.0 -1.0 -1.0 549.0 -1.0 -1.0 -1.0 -1.0 -1.0 -1.0 -1.0 -1.0 -1.0 -1.0 -1.0 -1.0
 -1.0 257.0 -1.0 205.0 -1.0 -1.0 -1.0 -1.0 -1.0 -1.0 -1.0 -1.0 -1.0 -1.0 -1.0 -1.0 160.0 -1.0 -1.0 -1.0 -1.0 -1.0 403.0 -1.0 -1.0 -1.0 -1.0 -1.0 -1.0 182.0 222.0 -1.0 -1.0 -2.0 -1.0 -1.0 -1.0 -1.0 -1.0 -1.0 -1.0 -1.0 -1.0 559.0 300.0 -1.0 -1.0 -1.0 -1.0 -1.0 447.0 -1.0 -1.0 -1.0 -1.0 690.0 -1.0
 -1.0 -1.0 -1.0 354.0 -1.0 -1.0 -1.0 -1.0 -1.0 -1.0 -1.0 -1.0 503.0 -1.0 -1.0 -1.0 -1.0 -1.0 -1.0 -1.0 358.0 -1.0 187.0 565.0 -1.0 -1.0 -1.0 -1.0 -1.0 -1.0 -1.0 -1.0 -1.0 -1.0 -2.0 -1.0 -1.0 -1.0 -1.0 -1.0 -1.0 -1.0 -1.0 -1.0 -1.0 -1.0 -1.0 -1.0 -1.0 -1.0 -1.0 646.0 -1.0 -1.0 689.0 -1.0 -1.0
 -1.0 -1.0 -1.0 -1.0 -1.0 216.0 445.0 -1.0 -1.0 -1.0 -1.0 -1.0 -1.0 -1.0 -1.0 -1.0 -1.0 -1.0 186.0 -1.0 -1.0 -1.0 -1.0 -1.0 -1.0 -1.0 -1.0 -1.0 -1.0 -1.0 -1.0 -1.0 -1.0 -1.0 -1.0 -2.0 -1.0 -1.0 92.0 -1.0 -1.0 -1.0 -1.0 -1.0 -1.0 -1.0 -1.0 -1.0 -1.0 -1.0 -1.0 -1.0 -1.0 -1.0 -1.0 -1.0 -1.0
 -1.0 -1.0 -1.0 -1.0 584.0 -1.0 -1.0 493.0 -1.0 -1.0 -1.0 -1.0 -1.0 539.0 135.0 -1.0 -1.0 -1.0 -1.0 1072.0 -1.0 -1.0 -1.0 -1.0 -1.0 204.0 -1.0 -1.0 -1.0 -1.0 -1.0 -1.0 359.0 -1.0 -1.0 -1.0 -2.0 -1.0 -1.0 1313.0 390.0 -1.0 -1.0 -1.0 -1.0 -1.0 -1.0 -1.0 -1.0 -1.0 -1.0 -1.0 -1.0 167.0 -1.0 -1.0 -1.0
 -1.0 -1.0 -1.0 -1.0 -1.0 -1.0 -1.0 -1.0 155.0 -1.0 -1.0 -1.0 -1.0 -1.0 253.0 -1.0 -1.0 242.0 -1.0 -1.0 -1.0 214.0 -1.0 -1.0 243.0 352.0 -1.0 -1.0 -1.0 -1.0 -1.0 -1.0 423.0 -1.0 -1.0 -1.0 -1.0 -2.0 -1.0 -1.0 -1.0 -1.0 -1.0 -1.0 -1.0 -1.0 -1.0 -1.0 -1.0 73.0 -1.0 -1.0 -1.0 -1.0 -1.0 -1.0 -1.0
 -1.0 -1.0 97.0 -1.0 -1.0 -1.0 366.0 -1.0 -1.0 -1.0 -1.0 -1.0 -1.0 -1.0 -1.0 -1.0 -1.0 -1.0 105.0 -1.0 -1.0 -1.0 -1.0 -1.0 -1.0 -1.0 -1.0 -1.0 -1.0 -1.0 -1.0 -1.0 -1.0 -1.0 -1.0 92.0 -1.0 -1.0 -2.0 -1.0 -1.0 -1.0 -1.0 -1.0 -1.0 -1.0 -1.0 -1.0 -1.0 -1.0 -1.0 -1.0 -1.0 -1.0 -1.0 -1.0 -1.0
 -1.0 -1.0 -1.0 -1.0 -1.0 -1.0 -1.0 -1.0 -1.0 -1.0 -1.0 -1.0 1029.0 819.0 -1.0 -1.0 -1.0 -1.0 -1.0 -1.0 1156.0 -1.0 -1.0 -1.0 -1.0 -1.0 -1.0 1336.0 390.0 -1.0 -1.0 -1.0 -1.0 -1.0 -1.0 -1.0 1313.0 -1.0 -1.0 -2.0 -1.0 -1.0 1273.0 -1.0 -1.0 685.0 -1.0 -1.0 1368.0 -1.0 -1.0 -1.0 -1.0 -1.0 1093.0 -1.0 1033.0
 -1.0 -1.0 -1.0 -1.0 207.0 -1.0 -1.0 444.0 -1.0 -1.0 -1.0 -1.0 -1.0 522.0 492.0 -1.0 -1.0 -1.0 -1.0 739.0 -1.0 -1.0 -1.0 -1.0 -1.0 -1.0 -1.0 -1.0 -1.0 -1.0 -1.0 -1.0 393.0 -1.0 -1.0 -1.0 390.0 -1.0 -1.0 -1.0 -2.0 -1.0 -1.0 -1.0 -1.0 845.0 -1.0 -1.0 -1.0 -1.0 -1.0 -1.0 -1.0 -1.0 -1.0 -1.0 582.0
 105.0 714.0 230.0 -1.0 -1.0 -1.0 216.0 -1.0 -1.0 -1.0 125.0 182.0 -1.0 -1.0 -1.0 -1.0 -1.0 -1.0 200.0 -1.0 -1.0 -1.0 -1.0 897.0 -1.0 -1.0 -1.0 -1.0 -1.0 -1.0 -1.0 -1.0 -1.0 -1.0 -1.0 -1.0 -1.0 -1.0 -1.0 -1.0 -1.0 -2.0 -1.0 451.0 -1.0 -1.0 -1.0 -1.0 -1.0 -1.0 -1.0 -1.0 -1.0 -1.0 -1.0 230.0 -1.0
 -1.0 -1.0 -1.0 -1.0 -1.0 -1.0 -1.0 1207.0 -1.0 -1.0 -1.0 -1.0 -1.0 -1.0 -1.0 -1.0 -1.0 -1.0 -1.0 -1.0 -1.0 -1.0 -1.0 -1.0 -1.0 -1.0 -1.0 -1.0 994.0 -1.0 -1.0 -1.0 -1.0 -1.0 -1.0 -1.0 -1.0 -1.0 -1.0 1273.0 -1.0 -1.0 -2.0 -1.0 -1.0 807.0 669.0 176.0 364.0 -1.0 -1.0 -1.0 -1.0 -1.0 -1.0 -1.0 -1.0
 -1.0 402.0 -1.0 -1.0 -1.0 -1.0 -1.0 -1.0 -1.0 521.0 -1.0 493.0 -1.0 -1.0 -1.0 -1.0 -1.0 -1.0 -1.0 -1.0 -1.0 -1.0 -1.0 492.0 -1.0 -1.0 -1.0 -1.0 -1.0 568.0 -1.0 -1.0 -1.0 559.0 -1.0 -1.0 -1.0 -1.0 -1.0 -1.0 -1.0 451.0 -1.0 -2.0 -1.0 -1.0 -1.0 -1.0 -1.0 -1.0 -1.0 -1.0 -1.0 -1.0 -1.0 263.0 -1.0
 -1.0 -1.0 -1.0 490.0 -1.0 -1.0 -1.0 -1.0 -1.0 340.0 -1.0 -1.0 -1.0 -1.0 335.0 -1.0 170.0 -1.0 -1.0 -1.0 -1.0 238.0 -1.0 -1.0 128.0 -1.0 -1.0 359.0 -1.0 264.0 289.0 -1.0 549.0 300.0 -1.0 -1.0 -1.0 -1.0 -1.0 -1.0 -1.0 -1.0 -1.0 -1.0 -2.0 -1.0 -1.0 -1.0 -1.0 101.0 221.0 -1.0 -1.0 -1.0 -1.0 -1.0 -1.0
 -1.0 -1.0 -1.0 -1.0 953.0 -1.0 -1.0 458.0 -1.0 -1.0 -1.0 -1.0 1253.0 507.0 -1.0 -1.0 -1.0 -1.0 -1.0 498.0 -1.0 -1.0 -1.0 -1.0 -1.0 -1.0 -1.0 -1.0 731.0 -1.0 -1.0 -1.0 -1.0 -1.0 -1.0 -1.0 -1.0 -1.0 -1.0 685.0 845.0 -1.0 807.0 -1.0 -1.0 -2.0 762.0 879.0 721.0 -1.0 -1.0 -1.0 -1.0 -1.0 -1.0 -1.0 -1.0
 -1.0 -1.0 -1.0 -1.0 1646.0 -1.0 -1.0 -1.0 -1.0 -1.0 -1.0 -1.0 1763.0 -1.0 -1.0 -1.0 -1.0 -1.0 -1.0 1137.0 -1.0 -1.0 -1.0 -1.0 -1.0 -1.0 -1.0 -1.0 405.0 -1.0 -1.0 -1.0 -1.0 -1.0 -1.0 -1.0 -1.0 -1.0 -1.0 -1.0 -1.0 -1.0 669.0 -1.0 -1.0 762.0 -2.0 -1.0 922.0 -1.0 -1.0 -1.0 -1.0 -1.0 1776.0 -1.0 1721.0
 -1.0 -1.0 -1.0 -1.0 -1.0 -1.0 -1.0 1279.0 -1.0 -1.0 -1.0 -1.0 -1.0 -1.0 -1.0 -1.0 -1.0 -1.0 -1.0 -1.0 -1.0 -1.0 -1.0 -1.0 -1.0 -1.0 -1.0 -1.0 -1.0 -1.0 -1.0 -1.0 -1.0 -1.0 -1.0 -1.0 -1.0 -1.0 -1.0 -1.0 -1.0 -1.0 176.0 -1.0 -1.0 879.0 -1.0 -2.0 288.0 -1.0 -1.0 -1.0 -1.0 -1.0 -1.0 -1.0 -1.0
 -1.0 -1.0 -1.0 -1.0 -1.0 -1.0 -1.0 -1.0 -1.0 -1.0 -1.0 -1.0 -1.0 1101.0 -1.0 -1.0 -1.0 -1.0 -1.0 322.0 -1.0 -1.0 -1.0 -1.0 -1.0 -1.0 -1.0 -1.0 1246.0 -1.0 -1.0 -1.0 -1.0 -1.0 -1.0 -1.0 -1.0 -1.0 -1.0 1368.0 -1.0 -1.0 364.0 -1.0 -1.0 721.0 922.0 288.0 -2.0 -1.0 -1.0 -1.0 -1.0 -1.0 -1.0 -1.0 -1.0
 -1.0 -1.0 -1.0 -1.0 -1.0 -1.0 -1.0 -1.0 193.0 -1.0 -1.0 -1.0 -1.0 -1.0 293.0 -1.0 212.0 276.0 -1.0 -1.0 -1.0 192.0 -1.0 -1.0 200.0 311.0 -1.0 -1.0 -1.0 279.0 -1.0 -1.0 -1.0 -1.0 -1.0 -1.0 -1.0 73.0 -1.0 -1.0 -1.0 -1.0 -1.0 -1.0 101.0 -1.0 -1.0 -1.0 -1.0 -2.0 -1.0 -1.0 -1.0 -1.0 -1.0 -1.0 -1.0
 -1.0 -1.0 -1.0 -1.0 -1.0 -1.0 -1.0 -1.0 -1.0 -1.0 -1.0 -1.0 422.0 -1.0 347.0 -1.0 -1.0 -1.0 -1.0 -1.0 -1.0 -1.0 -1.0 -1.0 140.0 175.0 -1.0 229.0 -1.0 -1.0 284.0 -1.0 -1.0 447.0 -1.0 -1.0 -1.0 -1.0 -1.0 -1.0 -1.0 -1.0 -1.0 -1.0 221.0 -1.0 -1.0 -1.0 -1.0 -1.0 -2.0 -1.0 -1.0 -1.0 181.0 -1.0 248.0
 -1.0 467.0 -1.0 547.0 -1.0 -1.0 -1.0 -1.0 -1.0 -1.0 -1.0 -1.0 -1.0 -1.0 -1.0 -1.0 -1.0 -1.0 -1.0 -1.0 -1.0 -1.0 679.0 200.0 -1.0 -1.0 -1.0 -1.0 -1.0 -1.0 -1.0 -1.0 -1.0 -1.0 646.0 -1.0 -1.0 -1.0 -1.0 -1.0 -1.0 -1.0 -1.0 -1.0 -1.0 -1.0 -1.0 -1.0 -1.0 -1.0 -1.0 -2.0 -1.0 -1.0 -1.0 -1.0 -1.0
 133.0 -1.0 -1.0 -1.0 -1.0 -1.0 -1.0 -1.0 239.0 198.0 110.0 128.0 -1.0 -1.0 -1.0 57.0 -1.0 110.0 -1.0 -1.0 -1.0 -1.0 -1.0 -1.0 -1.0 -1.0 104.0 -1.0 -1.0 -1.0 -1.0 -1.0 -1.0 -1.0 -1.0 -1.0 -1.0 -1.0 -1.0 -1.0 -1.0 -1.0 -1.0 -1.0 -1.0 -1.0 -1.0 -1.0 -1.0 -1.0 -1.0 -1.0 -2.0 -1.0 -1.0 -1.0 -1.0
 -1.0 -1.0 -1.0 -1.0 -1.0 -1.0 -1.0 597.0 -1.0 -1.0 -1.0 -1.0 -1.0 538.0 -1.0 -1.0 -1.0 -1.0 -1.0 -1.0 -1.0 -1.0 -1.0 -1.0 -1.0 63.0 -1.0 -1.0 -1.0 -1.0 -1.0 -1.0 -1.0 -1.0 -1.0 -1.0 167.0 -1.0 -1.0 -1.0 -1.0 -1.0 -1.0 -1.0 -1.0 -1.0 -1.0 -1.0 -1.0 -1.0 -1.0 -1.0 -1.0 -2.0 228.0 -1.0 139.0
 -1.0 -1.0 -1.0 -1.0 -1.0 -1.0 -1.0 -1.0 -1.0 -1.0 -1.0 -1.0 268.0 -1.0 -1.0 -1.0 -1.0 -1.0 -1.0 -1.0 -1.0 -1.0 -1.0 -1.0 -1.0 257.0 -1.0 290.0 -1.0 -1.0 -1.0 -1.0 -1.0 -1.0 689.0 -1.0 -1.0 -1.0 -1.0 1093.0 -1.0 -1.0 -1.0 -1.0 -1.0 -1.0 1776.0 -1.0 -1.0 -1.0 181.0 -1.0 -1.0 228.0 -2.0 -1.0 183.0
 -1.0 637.0 38.0 -1.0 -1.0 -1.0 361.0 -1.0 -1.0 -1.0 -1.0 395.0 -1.0 -1.0 -1.0 -1.0 -1.0 -1.0 -1.0 -1.0 -1.0 -1.0 -1.0 -1.0 -1.0 -1.0 -1.0 -1.0 -1.0 -1.0 -1.0 -1.0 -1.0 690.0 -1.0 -1.0 -1.0 -1.0 -1.0 -1.0 -1.0 230.0 -1.0 263.0 -1.0 -1.0 -1.0 -1.0 -1.0 -1.0 -1.0 -1.0 -1.0 -1.0 -1.0 -2.0 -1.0
 -1.0 -1.0 -1.0 -1.0 -1.0 -1.0 -1.0 -1.0 -1.0 -1.0 -1.0 -1.0 383.0 508.0 -1.0 -1.0 -1.0 -1.0 -1.0 1256.0 -1.0 -1.0 -1.0 -1.0 -1.0 -1.0 -1.0 -1.0 -1.0 -1.0 -1.0 -1.0 -1.0 -1.0 -1.0 -1.0 -1.0 -1.0 -1.0 1033.0 582.0 -1.0 -1.0 -1.0 -1.0 -1.0 1721.0 -1.0 -1.0 -1.0 248.0 -1.0 -1.0 139.0 183.0 -1.0 -2.0
