 0 0.739307710684 0.863684854706 0.195214451639 0.983608013318 0.864558285134 0.629461241587 0.458067405215 0.841791148282 0.217242956813 0.348329174092 0.0728881244854 0.0855648764414 0.0740718170576 0.226891289689 0.0198820989381 0.587899358348 0.67283137918 0.506453750469 0.158930892612 0.713313462734 0.126205603765 0.426264111788 0.198399598228 0.667574644689 0.311277561055 0.794171517689 0.0319005329091 0.288510739677 0.670995174938
 0.607632928762 0 0.681259464895 0.881888226773 0.469230439802 0.105527358706 0.696485989927 0.207559282712 0.63784689583 0.918747491072 0.774308394503 0.322674669995 0.838894712006 0.0147846103084 0.145326770997 0.614887816242 0.782707007406 0.804529012381 0.736324051166 0.613004181218 0.275324477177 0.082643915473 0.0369882266238 0.784812545025 0.699513980803 0.0386096458692 0.903726776451 0.59636503282 0.873373897653 0.0960722537304
 0.499732225895 0.782491895976 0 0.0671495383977 0.0291055473309 0.651670640233 0.454996104525 0.599171354936 0.824660917989 0.652293165104 0.584317634524 0.153490031093 0.964186877596 0.15858785184 0.220212364268 0.0704143120106 0.135967924547 0.239673310877 0.401100656675 0.510940566975 0.68074034692 0.783407672269 0.77064591358 0.440888663731 0.283184318029 0.886425673466 0.0160168211949 0.962366515027 0.181010118759 0.446667570418
 0.230706856622 0.408090637289 0.89686727322 0 0.8700500154 0.584513410732 0.656651496494 0.635709966577 0.491147771121 0.621280011857 0.212660430988 0.206007416684 0.648466305705 0.452035301799 0.362683956632 0.299228601328 0.534809422948 0.421406229098 0.523828294384 0.584922293065 0.257060169352 0.834918214164 0.487305242769 0.829969599499 0.393570780488 0.353048861698 0.634528667855 0.675558857631 0.141877340751 0.117588519183
 0.474314665454 0.819806548716 0.80259171251 0.690414905674 0 0.385441999621 0.422173781282 0.709354256368 0.875224177611 0.209865158011 0.997591212149 0.155612365619 0.720390221968 0.255155373785 0.0944131804582 0.426479647523 0.318001807776 0.00616196444131 0.202355300207 0.901285391236 0.0662856911628 0.3866413091 0.313898012818 0.153453356839 0.432153386374 0.287256541393 0.428419178923 0.593959448562 0.595623797074 0.870916432633
 0.609358766791 0.776828142493 0.0814916418439 0.981246116912 0.282178125619 0 0.781997556598 0.359069633648 0.486294402024 0.0764482192244 0.753352038614 0.144437745642 0.211507823795 0.493745026595 0.631874505278 0.949450932476 0.488318991999 0.384159196757 0.954601148925 0.541379561461 0.580343437532 0.830111572236 0.683628968208 0.496478695794 0.685709822459 0.647453348407 0.322918940112 0.217739421312 0.827581967291 0.881999463332
 0.482294795616 0.563771078301 0.168125871702 0.744479141021 0.563574521748 0.903425485088 0 0.989152838859 0.3313842759 0.283450143044 0.558878233028 0.839925393463 0.239173861503 0.765615546095 0.218318147855 0.113897691183 0.408880947445 0.640394945798 0.334543821293 0.209432015475 0.312294366513 0.318845866676 0.378997882963 0.243732268744 0.615420817103 0.0287588123223 0.283515831278 0.94307013971 0.119832079093 0.261595193232
 0.45370930639 0.847740473854 0.261987623995 0.555020716935 0.358109468779 0.197508300302 0.139233059105 0 0.709483899242 0.742341809843 0.350808787157 0.0606417384581 0.739615103841 0.0974698902729 0.155978255424 0.704857039823 0.915375415336 0.101605541791 0.00367848913364 0.472221811485 0.372976831279 0.593227562549 0.591489778166 0.514556519371 0.615955354789 0.337908466148 0.284513584596 0.311337399688 0.974890665912 0.0619183818737
 0.089988281781 0.108345237981 0.118188934743 0.743217036788 0.20072881137 0.984373080405 0.135574413361 0.393915227151 0 0.646597551572 0.190805567869 0.62158650512 0.379897834526 0.879016807887 0.787584208702 0.863025853923 0.287647755412 0.773938323102 0.257838983029 0.935692894235 0.331968173173 0.355207908342 0.0769993968672 0.36815675997 0.727998568373 0.465507385873 0.0628098563861 0.474163304774 0.668570454981 0.83672466589
 0.0636631053448 0.116796557206 0.663364409596 0.973603184826 0.824574396311 0.698257945641 0.331121537835 0.88110903932 0.755511664621 0 0.33704024524 0.645879992543 0.984474383325 0.357481350611 0.0480451760676 0.183654780371 0.884147409568 0.808847439831 0.47977857918 0.0931101379999 0.432774503986 0.067940077169 0.560941653103 0.874166056563 0.197877250058 0.213293374828 0.586200060597 0.158196072859 0.711425455957 0.446201954411
 0.229865559928 0.0912364834918 0.335108690606 0.947045134016 0.0921605277731 0.0894436226707 0.102171773521 0.254574684771 0.698308333449 0.21853372686 0 0.987529777479 0.856955496212 0.696875072538 0.994325145437 0.693483230906 0.991686811811 0.540319466056 0.744067763899 0.0519057986897 0.311790176723 0.624111957851 0.470074680652 0.583361265766 0.643639621054 0.436613321824 0.626634681216 0.582058119971 0.10150893942 0.658771083218
 0.775846778283 0.74397161985 0.801474133461 0.640018588861 0.516934402571 0.27465370822 0.454053231629 0.167988884696 0.902173231469 0.301132861313 0.146378215501 0 0.517958167013 0.0619350357256 0.56755145399 0.704741196147 0.784629732892 0.679141327589 0.176348395564 0.431929170005 0.553718433144 0.661869101426 0.830563124364 0.361236269959 0.814026198142 0.86560421197 0.471806022201 0.151861888353 0.879505091868 0.61153287665
 0.0652769857901 0.14759827922 0.139835938872 0.414741339421 0.751511839401 0.315462799812 0.596627065245 0.0949187489604 0.0124640888342 0.738254271605 0.172257001326 0.794349430605 0 0.196921998834 0.386638622348 0.580682318098 0.520515695759 0.273798375719 0.925927549041 0.681931823997 0.467713484795 0.724323169232 0.485085810845 0.977944532317 0.730235949147 0.910685269984 0.405745351054 0.301475248356 0.80434552722 0.536078984044
 0.569054876392 0.87006082603 0.436720990462 0.114074330154 0.44685560346 0.598714978025 0.787460087065 0.795339254531 0.0148563399217 0.858102398557 0.704331583978 0.138979123615 0.295449736461 0 0.886970380119 0.72362670968 0.589786998951 0.735049299054 0.22879133527 0.563295167372 0.877682856229 0.286596870625 0.582312873112 0.795467934634 0.664773991158 0.103800030654 0.714291154253 0.631840884959 0.645039829004 0.964655137349
 0.701149298597 0.542376158331 0.974754494192 0.978794770102 0.891634692315 0.0111104015922 0.239025813521 0.203360187376 0.0965455576698 0.576071584691 0.718372136585 0.0998533012447 0.47795248685 0.303626731611 0 0.243087156221 0.157203261147 0.657000878109 0.935093339932 0.157927288355 0.182024968114 0.972829794827 0.248397261273 0.841458039526 0.688063972794 0.29451158791 0.128297005444 0.188448062371 0.185897491969 0.609513199672
 0.604226332112 0.438114103185 0.66396724972 0.762308900041 0.374729377231 0.341839580061 0.561654967203 0.361095547916 0.599005679011 0.315625568518 0.188734236033 0.64179795798 0.351143918824 0.465896561297 0.931746806137 0 0.820144398136 0.432772802462 0.444148141572 0.781016367628 0.224523844196 0.793041619063 0.502144906854 0.0692749615907 0.480515528757 0.252212380523 0.598849527732 0.784309104984 0.758175492179 0.940951233521
 0.45552042084 0.532268915719 0.579978024931 0.0947701622589 0.75603618942 0.495378124497 0.922849294236 0.419246157413 0.434616335418 0.140521846465 0.0271443308977 0.426351184286 0.800247539301 0.956421156117 0.161096553061 0.45954838395 0 0.986659625006 0.0872284413206 0.473787932489 0.344073313144 0.218571527784 0.685740667727 0.559644602143 0.28333063926 0.488532064898 0.809924891781 0.942689743205 0.0613185084892 0.0108497739681
 0.958170574208 0.733036286512 0.558034839721 0.382804897322 0.892700110715 0.602224873884 0.437335436273 0.506377902715 0.92204894585 0.490174021344 0.387241955645 0.677020754974 0.0881146048385 0.923454147464 0.0931881021158 0.0111255240211 0.120563029265 0 0.207722538911 0.352626291489 0.898759000387 0.30372940421 0.98510644441 0.156900044618 0.458206951632 0.27244108005 0.941452596315 0.568083017635 0.826582601658 0.63633642461
 0.504764158282 0.68341207357 0.546793511359 0.846009833669 0.784006629832 0.629037514709 0.800531789051 0.793222287102 0.796356316119 0.485658662855 0.076797853709 0.897113265298 0.655509220042 0.517994827211 0.600602363385 0.061189310091 0.754370307001 0.38322308353 0 0.295206420717 0.949789606863 0.320243611758 0.946147316861 0.622367558041 0.387210056049 0.905451466409 0.897051250591 0.447978640381 0.881534414985 0.93215895424
 0.584113966326 0.606081328206 0.687482108595 0.231925094298 0.934268459812 0.961082026618 0.200834101473 0.566992501747 0.23399619305 0.431226886255 0.544412305927 0.340049276606 0.00180697698475 0.404580684453 0.681356450511 0.93196704202 0.0792856876563 0.286240844205 0.990037673816 0 0.774408439872 0.457630445362 0.714749152694 0.668910331528 0.852811586201 0.245421254044 0.424149276613 0.766615413661 0.875715231568 0.674310118667
 0.731930288746 0.788608323613 0.630214698676 0.360406255976 0.307218106576 0.948039361046 0.475939674806 0.0396009952524 0.48644683365 0.399005591811 0.500645134224 0.905213214537 0.0550765565762 0.257216740861 0.889721670541 0.763302690304 0.879327398077 0.529289369808 0.271931751606 0.526609615378 0 0.841846884294 0.913202271086 0.494139944934 0.286096040463 0.0877802547904 0.0452059747292 0.876464570438 0.162954909875 0.541222147459
 0.674814066575 0.696718003339 0.771557320025 0.188198737523 0.130940701726 0.992725082836 0.773473170574 0.845968791333 0.263693195188 0.751567584351 0.7265758069 0.805672776667 0.0850062807483 0.179050207626 0.721203915671 0.132979753875 0.387354762487 0.682063949177 0.398867630464 0.00809291890028 0.734198875899 0 0.319416704371 0.594319999518 0.74035553529 0.263161781644 0.0388217602212 0.402678153577 0.915675161537 0.134321674188
 0.8372571168 0.242725293019 0.215950700208 0.66704892181 0.855355530502 0.249618874906 0.814065974891 0.805835411802 0.461718551084 0.900000654592 0.127674989217 0.750664949063 0.37109387275 0.495596326629 0.821455465687 0.462912452704 0.790677880195 0.43525529002 0.629021371322 0.937272948915 0.507459586374 0.724020523507 0 0.209406225274 0.597817173076 0.17398891027 0.0757187278069 0.370389008248 0.0586663929862 0.616297405038
 0.264831735887 0.840789423034 0.521294157003 0.744550435211 0.615671068848 0.963303860703 0.758408571628 0.183163020463 0.747310943918 0.0587134166944 0.877594245789 0.164236498437 0.24233821332 0.503668040994 0.658914086869 0.791592136952 0.322296709493 0.388553841986 0.416914684964 0.706069376963 0.0248382975594 0.887950898084 0.713107763627 0 0.537080388893 0.344057631955 0.743953442147 0.644632824234 0.426547180611 0.740583554302
 0.526177401843 0.544178056753 0.666139810996 0.624666809221 0.540786167947 0.349318875344 0.0518849737549 0.19368309303 0.651327667652 0.38756543422 0.960478951666 0.168997437412 0.487632699957 0.202244544844 0.849677726363 0.00738495313907 0.804473622772 0.840246255918 0.227553055788 0.925534356125 0.0276861607673 0.117150635815 0.848009272972 0.79150823733 0 0.153114266382 0.0797586911247 0.125310347035 0.262141019866 0.616164351791
 0.441883683119 0.687120250223 0.30840151458 0.922458490856 0.722542847631 0.142772754585 0.309739921049 0.237763460174 0.868556710453 0.915535197125 0.377057250975 0.212679811312 0.179905770128 0.98311369517 0.600883050872 0.945166566039 0.702988959838 0.21795736499 0.821078816449 0.440995960401 0.470739569062 0.837391291699 0.470057257553 0.383286061136 0.453660882636 0 0.549325140377 0.297617967375 0.517801235958 0.970262385792
 0.634887057127 0.725270789159 0.829959174283 0.0556886013018 0.0373867289968 0.377386378963 0.758499545058 0.317675448497 0.41499464975 0.875777690182 0.438017120729 0.664098185215 0.440338335777 0.944497126748 0.709064904268 0.893514440624 0.744691397113 0.367696960914 0.161453498277 0.0221399023779 0.872437205491 0.359986538896 0.626186210343 0.212402119374 0.449668003831 0.166352006008 0 0.90876922653 0.167537930347 0.804991229666
 0.429353681258 0.0697138261048 0.40166061546 0.31113955973 0.0271185876116 0.309027731853 0.572622154885 0.143779261979 0.802559897232 0.274047830198 0.504901953806 0.0769078153574 0.247658158669 0.790137912397 0.326788644401 0.186795290923 0.0444296355634 0.00724470547638 0.025487904391 0.789728464267 0.339657144038 0.160593295199 0.882370808112 0.297257704481 0.921281593187 0.0534717582638 0.587207990266 0 0.0724548341708 0.0130924535174
 0.392819710691 0.428929693206 0.547017253197 0.0374985744486 0.0126971023024 0.333184829191 0.189208074134 0.276740540544 0.127918051874 0.836642908747 0.029299082146 0.625520697339 0.854199244203 0.240291526861 0.233955403914 0.369106723897 0.0644009284281 0.67769481275 0.395722342368 0.719693762039 0.107066176996 0.55654210611 0.286276523558 0.135739656413 0.876859022921 0.758351016265 0.846674998698 0.306851667592 0 0.059688038761
 0.0861404125786 0.350439028402 0.0787783940309 0.89497676903 0.284145609138 0.495168212782 0.413322971944 0.724119686228 0.810009462623 0.561624479694 0.154488639638 0.236129922894 0.677978334194 0.30094995088 0.200534016889 0.280924464357 0.362098017351 0.835164075409 0.162462838148 0.971608330832 0.918098676603 0.176755221587 0.305970443692 0.505243718033 0.610975748753 0.773054971916 0.903769003936 0.207948065336 0.204267988324 0
